# P = 280.9776685412
-176722991.9367 -141.8145 5.2766
-175297096.322 -140.4212 3.0807
-172894338.8911 -131.9812 1.4759
-165471030.9307 -118.6205 3.1409
-78481612.3065 -195.2695 0.47197
-70609224.0178 -182.5315 2.0228
-45348721.8229 -90.3572 1.3015
-43574378.9171 -86.869 4.2821
-9775531.0168 -185.8614 4.6326
16291928.3207 -112.6901 1.6514
21463266.9117 -75.9244 7.7045
39393810.162 -57.2932 4.3003
54535822.8324 -8.0887 2.0597
72070891.0889 29.8699 1.9869
81702648.4811 47.16 1.5305
84588487.6774 55.7394 2.6896
111343558.0451 83.2513 0.58577
112828536.9225 80.4586 1.4414
115491600.8365 97.9381 3.1922
117599788.0684 92.7065 2.7308
120913687.6676 26.331 8.5661
136182983.066 87.9163 2.8303
138029127.1912 74.4941 2.8555
140401038.7503 94.2163 1.1745
142885497.6858 82.8122 1.024
145273636.802 82.8521 2.1864
146808063.2125 97.8391 2.8862
180735654.2563 46.5626 3.862
211005380.7793 37.3906 2.3055
237954508.3446 39.7735 1.5398
241461826.6586 35.8247 0.75806
273430274.4521 34.0329 2.1402
273447746.4525 33.6708 3.0938
296195633.033 47.9925 1.802
331920391.8665 72.6445 0.95301
369120027.6792 146.2454 1.1661
